01	Ain	603827	5762
02	Aisne	541302	7369
03	Allier	342729	7340
04	Alpes-de-Haute-Provence	160959	6925
05	Hautes-Alpes	138605	5549
06	Alpes-Maritimes	1081244	4299
07	Ardeche	317277	5529
08	Ardennes	283110	5229
09	Ariege	152286	4890
10	Aube	303997	6004
11	Aude	359967	6139
12	Aveyron	275813	8735
13	Bouches-du-Rhône	1975896	5087
14	Calvados	685262	5548
15	Cantal	147577	5726
16	Charente	352705	5956
17	Charente-Maritime	625682	6864
18	Cher	311694	7235
19	Corrèze	242454	5857
20	Corse	314486	8680
21	Cote-d'Or	525931	8763
22	Cotes-d'Armor	594375	6878
23	Creuse	122560	5565
24	Dordogne	415168	9060
25	Doubs	529103	5234
26	Drome	487993	6530
27	Eure	588111	6040
28	Eure-et-Loir	430416	5880
29	Finistere	899870	6733
30	Gard	718357	5853
31	Haute-Garonne	1260226	6309
32	Gers	188893	6257
33	Gironde	1463662	10725
34	Herault	1062036	6101
35	Ille-et-Vilaine	996439	6775
36	Indre	230175	6791
37	Indre-et-Loire	593683	6127
38	Isère	1215212	7431
39	Jura	261294	4999
40	Landes	387929	9243
41	Loir-et-Cher	331280	6343
42	Loire	749053	4781
43	Haute-Loire	224907	4977
44	Loire-Atlantique	1296364	6815
45	Loiret	659587	6775
46	Lot	174754	5217
47	Lot-et-Garonne	330866	5361
48	Lozere	77156	5167
49	Maine-et-Loire	790343	7166
50	Manche	499531	5938
51	Marne	566571	8162
52	Haute-Marne	182375	6211
53	Mayenne	307031	5175
54	Meurthe-et-Moselle	733124	5246
55	Meuse	193557	6211
56	Morbihan	727083	6823
57	Moselle	1045146	6216
58	Nievre	218341	6817
59	Nord	2579208	5743
60	Oise	805642	5860
61	Orne	290891	6103
62	Pas-de-Calais	1462807	6671
63	Puy-de-Dome	635469	7970
64	Pyrénées-Atlantiques	656608	7645
65	Hautes-Pyrénées	229228	4464
66	Pyrénées-Orientales	452530	4116
67	Bas-Rhin	1099269	4755
68	Haut-Rhin	753056	3525
69	Rhone	1744236	3249
70	Haute-Saone	239695	5360
71	Saone-et-Loire	555999	8575
72	Sarthe	565718	6206
73	Savoie	418949	6028
74	Haute-Savoie	746994	4388
75	Paris	2249975	105
76	Seine-Maritime	1251282	6278
77	Seine-et-Marne	1338427	5915
78	Yvelines	1413635	2284
79	Deux-Sevres	370939	5999
80	Somme	571211	6170
81	Tarn	377675	5758
82	Tarn-et-Garonne	244545	3718
83	Var	1012735	5973
84	Vaucluse	546630	3567
85	Vendee	641657	6720
86	Vienne	428447	6990
87	Haute-Vienne	376058	5520
88	Vosges	378830	5874
89	Yonne	342463	7427
90	Territoire de Belfort	143348	609
91	Essonne	1225191	1804
92	Hauts-de-Seine	1581628	176
93	Seine-Saint-Denis	1529928	236
94	Val-de-Marne	1333702	245
95	Val-d'Oise	1180365	1246
971	Guadeloupe	404635	16283
972	Martinique	392291	1128
973	Guyane	237549	83534
974	La Reunion	828581	2504
976	Mayotte	2126456	376
